[4.77833856 4.88456535 5.06712258 5.06712258 4.88456535]
[5.9822554  0.42741255 2.29236033 5.91532187 3.26059577 5.90127333
 3.26059577 5.91532187 2.29236033 0.42741255]
[3.74863037 1.58988537 4.3192742  3.37126754 2.70706889 2.66267364
 2.73083985 0.96474779 0.96474779 2.73083985 2.66267364 2.70706889
 3.37126754 4.3192742  1.58988537]
[5.03081524 5.31404522 6.23674289 0.59505955 6.18277993 4.45880258
 2.61474385 0.2495141  1.32621344 0.08766962 1.3300921  0.08766962
 1.32621344 0.2495141  2.61474385 4.45880258 6.18277993 0.59505955
 6.23674289 5.31404522]
